-403.05
-390.156
-404.36
-398.719
-403.287
-402.528
-398.007
-406.047
-401.489
-394.314
-401.545
-409.928
-393.841
-402.649
-393.922
-398.159
-399.376
-399.358
-402.452
-397.45
-396.226
-395.436
-407.315
-395.669
-396.701
-393.663
-396.742
-404.741
-401.347
-402.978
-399.189
-397.7
-396.042
-410.142
-399.088
-398.234
-396.207
-405.135
-404.12
-396.637
-400.509
-400.331
-396.245
-399.958
-408.344
-393.807
-403.585
-394.204
-406.274
-398.468
-395.823
-404.694
-392.249
-392.97
-399.667
-402.615
-396.676
-405.3
-400.957
-396.721
-400.799
-395.418
-398.31
-392.712
-397.11
-397.252
-405.052
-393.153
-401.399
-400.403
-397.163
-402.116
-401.605
-400.155
-398.515
-393.029
-402.499
-406.35
-395
-403.086
-395.313
-402.551
-400.499
-403.124
-399.663
-400.554
-391.912
-395.762
-407.065
-395.588
-405.361
-394.651
-406.225
-398.897
-401.212
-405.946
-393.914
-398.683
-399.487
-405.034
-395.517
-405.269
-397.223
-402.474
-400.692
-401.885
-397.679
-396.674
-393.883
-396.37
-403.154
-391.175
-404.28
-399.145
-404.116
-405.72
-395.386
-401.058
-400.952
-394.59
-398.247
-406.652
-394.905
-400.564
-392.418
-399.284
-406.176
-398.407
-407.05
-398.157
-401.394
-395.694
-406.379
-397.605
-397.573
-398.786
-404.804
-400.314
-395.205
-400.111
-400.353
-400.478
-397.039
-404.755
-395.646
-397.727
-399.145
-405.324
-406.78
-398.246
-399.117
-397.61
-394.869
-403.374
-408.21
-389.93
-399.859
-396.032
-405.096
-400.303
-401.754
-403.587
-392.556
-399.963
-398.311
-407.702
-398.676
-396.56
-398.303
-402.602
-405.506
-395.949
-397.697
-396.811
-392.416
-395.37
-408.052
-393.707
-396.243
-400.86
-397.321
-397.573
-395.884
-400.015
-396.857
-396.153
-402.901
-403.136
-398.717
-405.531
-399.701
-396.699
-398.708
-398.772
-405.189
-396.703
-394.905
-403.604
-409.657
-389.745
-396.243
-394.489
-401.608
-400.995
-401.349
-402.695
-392.824
-392.576
-401.643
-409.915
-398.252
-400.69
-392.82
-401.864
-398.673
-395.393
-407.072
-391.916
-398.371
-400.827
-410.327
-395.105
-404.904
-393.749
-399.711
-404.209
-393.649
-406.462
-400.031
-393.875
-403.651
-402.205
-398.361
-403.654
-401.375
-401.919
-407.186
-396.342
-407.238
-394.964
-400.83
-401.934
-401.684
-396.614
-404.774
-397.524
-398.52
-406.525
-403.015
-401.776
-396.793
-396.662
-402.527
-404.498
-392.808
-402.041
-393.891
-402.76
-405.242
-403.177
-405.496
-398.607
-400.558
-403.059
-400.561
-393.712
-400.852
-401.473
-397.2
-397.666
-401.771
-397.805
-395.305
-400.868
-402.055
-405.346
-394.364
-397.895
-396.294
-401.057
-397.636
-402.737
-400.773
-398.331
-392.426
-401.21
-404.181
-390.599
-401.067
-395.87
-405.884
-404.98
-402.747
-407.075
-398.058
-399.443
-400.256
-405.696
-398.274
-401.848
-395.717
-403.942
-400.487
-394.763
-397.695
-394.347
-396.647
-403.859
-403.943
-397.256
-396.048
-397.721
-404.996
-398.5
-395.058
-405.209
-397.412
-393.254
-403.797
-408.367
-395.741
-396.92
-396.329
-399.871
-403.678
-399.45
-399.266
-397.525
-399.121
-403.392
-405.541
-398.672
-402.75
-396.027
-401.06
-398.7
-395.268
-404.187
-395.525
-392.139
-402.366
-402.303
-399.026
-399.683
-396.492
-405.129
-407.345
-400.06
-402.806
-400.177
-393.195
-399.541
-408.585
-395.229
-405.512
-401.931
-406.297
-397.593
-394.437
-400.156
-394.116
-396.106
-403.562
-402.486
-397.997
-401.719
-401.001
-397.34
-400.738
-398.095
-399.185
-394.206
-397.756
-397.489
-405.136
-398.545
-404.207
-397.272
-403.941
-399.848
-393.57
-400.709
-401.7
-396.338
-401.775
-407.531
-394.56
-404.679
-400.945
-400.736
-401.775
-398.576
-405.131
-399.671
-395.009
-404.092
-402.325
-389.748
-401.005
-399.49
-397.932
-400.475
-400.265
-405.762
-398.517
-397.782
-398.293
-405.829
-394.909
-401.513
-395.989
-401.398
-405.115
-394.47
-404.063
-400.001
-401.754
-403.318
-408.264
-395.069
-403.65
-401.689
-403.096
-403.227
-396.701
-404.108
-395.337
-397.304
-403.105
-401.265
-398.955
-398.396
-398.013
-398.093
-404.353
-395.9
-400.984
-399.68
-399.18
-398.309
-401.535
-390.374
-402.816
-397.62
-398.963
-402.779
-402.183
-398.46
-400.246
-397.597
-400.422
-404.972
-390.126
-400.201
-400.049
-399.409
-398.804
-395.325
-400.433
-399.97
-396.976
-395.174
-401.4
-395.74
-402.828
-396.303
-405.645
-397.911
-401.137
-398.866
-396.256
-400.78
-398.528
0.664327
0.342265
0.476791
-443.641
-437.347
-440.811
-441.64
-433.825
-432.361
-441.782
-430.78
-439.097
-444.549
-431.227
-433.503
-443.134
-437.947
-437.255
-441.108
-438.42
-441.404
-440.727
-432.067
-441.827
-443.714
-430.277
-440.872
-444.987
-437.952
-438.228
-442.196
-432.21
-441.62
